 0.030001 0.018002 0.039882 0.029967 0.027950 0.012002 0.012001 0.000158 0.000158 0.000996 0.000846 0.000838 0.000001 0.000000 0.014967 0.019112 0.004934 0.000933 0.008482 0.010001 0.014326 0.010002 0.010007 0.004933 0.003760 0.007862 0.009051 0.004213 0.004209 0.004000 0.012989 0.013333 0.003492 0.002633 0.005365 0.006093 0.003905 0.008361 0.013910 0.008830 0.004203 0.006818 0.009952 0.013466 0.004522 0.000000 0.000000 0.000000 0.000000 0.000000
 0.018001 0.090000 0.027265 0.075647 0.019808 0.060000 0.007501 0.000099 0.000790 0.000622 0.004176 0.008024 0.007502 0.007500 0.017358 0.021623 0.009448 0.001254 0.006551 0.030609 0.010205 0.030609 0.007504 0.004721 0.008513 0.010515 0.010005 0.004433 0.002631 0.020000 0.008118 0.016887 0.010933 0.007479 0.006666 0.009633 0.012953 0.010512 0.017255 0.006680 0.011454 0.006762 0.013350 0.012063 0.011211 0.008642 0.008642 0.008661 0.005609 0.004502
 0.018159 0.011350 0.025124 0.025767 0.022283 0.007698 0.007599 0.000198 0.000099 0.000621 0.000522 0.008022 0.060000 0.007500 0.017358 0.043680 0.007035 0.000582 0.006555 0.007599 0.010305 0.007598 0.007602 0.004332 0.005216 0.027618 0.010604 0.003883 0.002761 0.002630 0.005879 0.009794 0.017983 0.015615 0.010041 0.008106 0.009307 0.018466 0.008092 0.006770 0.005527 0.005527 0.005842 0.008067 0.007382 0.012257 0.013286 0.010944 0.011505 0.013446
 0.000784 0.001186 0.003319 0.012680 0.017133 0.005398 0.001784 0.000622 0.000522 0.000000 0.000000 0.007500 0.007500 0.007500 0.017188 0.022781 0.005203 0.000000 0.003844 0.005876 0.005677 0.003565 0.004332 0.003750 0.003750 0.010245 0.011200 0.003750 0.000223 0.001136 0.000446 0.003885 0.005812 0.012062 0.016430 0.006237 0.005870 0.009048 0.007790 0.004998 0.010518 0.003752 0.011460 0.005594 0.005067 0.006676 0.007158 0.003809 0.004108 0.004572
 0.007784 0.007108 0.005357 0.007396 0.018370 0.016255 0.003963 0.004250 0.008022 0.007500 0.007500 0.000000 0.000000 0.000000 0.009184 0.019278 0.005757 0.003750 0.007594 0.011160 0.005679 0.008404 0.008083 0.006453 0.001250 0.006830 0.011682 0.007165 0.002723 0.003207 0.000452 0.003207 0.002722 0.005718 0.008808 0.011403 0.008765 0.008200 0.003548 0.003748 0.002738 0.005238 0.009037 0.005396 0.004252 0.005369 0.005435 0.010518 0.001603 0.000564
 0.523643 0.496139 0.488590 0.483152 0.492368 0.506470 0.358838 0.193058 0.038766 0.060000 0.007500 0.000046 0.000046 0.000046 0.004507 0.013521 0.013566 0.008339 0.030713 0.011901 0.003076 0.004237 0.030932 0.006498 0.002546 0.008019 0.009848 0.009452 0.021389 0.002594 0.000186 0.002594 0.019936 0.002500 0.002795 0.008090 0.014718 0.008600 0.004761 0.003756 0.008654 0.003485 0.001756 0.002634 0.003942 0.005813 0.002879 0.001287 0.001639 0.002879
 0.511600 0.486370 0.481208 0.483833 0.486657 0.492650 0.618913 0.647167 0.523591 0.331057 0.169265 0.000046 0.000367 0.000046 0.000000 0.004507 0.014376 0.022225 0.018815 0.014699 0.006406 0.004399 0.007501 0.007885 0.003796 0.006250 0.005517 0.008738 0.007864 0.004328 0.000061 0.002500 0.002500 0.002500 0.000061 0.002561 0.006758 0.009397 0.006993 0.007806 0.002878 0.002337 0.001200 0.002090 0.007039 0.005367 0.004129 0.003784 0.003339 0.003284
 0.001500 0.001577 0.004694 0.001283 0.004694 0.001577 0.131987 0.292841 0.454708 0.647205 0.485377 0.161845 0.000053 0.000046 0.000057 0.000057 0.005419 0.014393 0.014376 0.018323 0.021803 0.009693 0.007038 0.006311 0.007440 0.004290 0.003094 0.174141 0.260816 0.259212 0.085801 0.000004 0.000000 0.000000 0.000061 0.000485 0.005547 0.007455 0.004961 0.002885 0.001771 0.000894 0.001343 0.006291 0.003352 0.003762 0.005000 0.004967 0.005794 0.005271
 0.000000 0.000639 0.001352 0.001279 0.001352 0.000639 0.000000 0.000938 0.001012 0.163074 0.485443 0.646005 0.322429 0.160631 0.000059 0.000455 0.000884 0.000827 0.000827 0.004802 0.010190 0.019179 0.184340 0.345779 0.513668 0.514724 0.516686 0.684036 0.768957 0.685016 0.600246 0.514424 0.514420 0.514420 0.514515 0.343041 0.175318 0.015000 0.002500 0.000379 0.003031 0.000765 0.003563 0.001219 0.000840 0.000012 0.001250 0.010000 0.002086 0.001338
 0.000166 0.008958 0.008855 0.017709 0.008855 0.008958 0.000639 0.001577 0.007439 0.000986 0.161833 0.324739 0.650964 0.478087 0.155722 0.000057 0.000057 0.000001 0.000560 0.000560 0.001441 0.011163 0.343394 0.843539 0.512741 0.511532 0.511698 0.339973 0.256347 0.261340 0.432492 0.518167 0.514421 0.518170 0.518233 0.689965 0.516954 0.176473 0.005000 0.001629 0.000380 0.000759 0.000380 0.000379 0.000000 0.000000 0.001250 0.001250 0.001250 0.000000
 0.000832 0.008855 0.070000 0.017502 0.070000 0.008855 0.001352 0.004694 0.001475 0.000938 0.000000 0.001162 0.169081 0.513102 0.459839 0.149883 0.016367 0.007501 0.000566 0.004473 0.001680 0.168776 0.669219 0.335607 0.001882 0.007654 0.001011 0.000052 0.000063 0.003813 0.030324 0.004242 0.000979 0.004242 0.030324 0.175286 0.514483 0.515672 0.176521 0.003811 0.001313 0.001250 0.000000 0.001250 0.001250 0.001250 0.000000 0.000000 0.000000 0.000000
 0.000333 0.017709 0.017502 0.035002 0.017502 0.017709 0.001279 0.001283 0.001072 0.000001 0.000000 0.000000 0.006127 0.205446 0.546166 0.509870 0.216990 0.007531 0.000560 0.002657 0.169966 0.503850 0.505382 0.167636 0.000990 0.001052 0.001021 0.000063 0.000000 0.003750 0.004374 0.007596 0.001255 0.007596 0.004374 0.003750 0.171473 0.514484 0.518252 0.176472 0.009955 0.001251 0.000000 0.001251 0.010000 0.001250 0.000000 0.000000 0.000000 0.000000
 0.000832 0.008855 0.070000 0.017502 0.070000 0.008855 0.001352 0.004694 0.001475 0.000938 0.000000 0.000000 0.000000 0.037527 0.256990 0.535736 0.496632 0.164212 0.016938 0.186105 0.517918 0.499472 0.167407 0.000584 0.000251 0.000094 0.004186 0.003813 0.003750 0.000000 0.000623 0.001531 0.001248 0.001531 0.000623 0.000000 0.003750 0.175287 0.692658 0.347314 0.001313 0.001250 0.000000 0.001250 0.001250 0.001250 0.000000 0.000000 0.000000 0.000000
 0.000166 0.008958 0.008855 0.017709 0.008855 0.008958 0.000639 0.001577 0.007439 0.000986 0.000113 0.000066 0.000066 0.008751 0.008774 0.175750 0.495185 0.646232 0.511820 0.665437 0.485973 0.168744 0.003760 0.000033 0.000034 0.000094 0.003813 0.030324 0.004374 0.000623 0.004019 0.003885 0.007770 0.003885 0.004019 0.000623 0.004374 0.030324 0.520891 0.517113 0.000000 0.000063 0.000063 0.000062 0.000000 0.000000 0.000000 0.000062 0.000063 0.000100
 0.000000 0.000639 0.001352 0.001279 0.001352 0.000639 0.000000 0.000938 0.000986 0.001293 0.000113 0.000515 0.000628 0.000568 0.000564 0.008966 0.171706 0.658575 0.809613 0.318021 0.157654 0.026251 0.007500 0.000000 0.000000 0.000000 0.003750 0.004242 0.007596 0.001531 0.003885 0.030001 0.007503 0.030001 0.003885 0.001531 0.007596 0.004242 0.520829 0.517079 0.000000 0.000063 0.000500 0.000063 0.000000 0.000000 0.000000 0.000063 0.000500 0.000100
 0.018757 0.012363 0.009645 0.001284 0.004694 0.001577 0.000938 0.000000 0.000048 0.000700 0.000765 0.000717 0.000628 0.004499 0.000564 0.003847 0.035898 0.505194 0.477798 0.000792 0.011252 0.022500 0.011250 0.000000 0.000000 0.000000 0.000001 0.000979 0.001255 0.001248 0.007770 0.007503 0.015002 0.007503 0.007770 0.001248 0.001255 0.000979 0.517079 0.517079 0.000000 0.000063 0.000063 0.000063 0.000000 0.000000 0.000000 0.000063 0.000062 0.000100
 0.019211 0.023678 0.023737 0.018657 0.015222 0.011785 0.003011 0.000048 0.000042 0.000694 0.005237 0.001439 0.001349 0.001349 0.000976 0.004168 0.114650 0.584631 0.380146 0.000014 0.007512 0.026250 0.007500 0.000000 0.000000 0.000000 0.003750 0.004242 0.007596 0.001531 0.003885 0.030001 0.007503 0.030001 0.003885 0.001531 0.007596 0.004242 0.520829 0.517079 0.000000 0.000000 0.000000 0.000000 0.000000 0.000000 0.000000 0.000000 0.000000 0.000000
 0.000499 0.007626 0.012033 0.017583 0.020567 0.022652 0.020763 0.017301 0.011784 0.006802 0.001085 0.001472 0.006288 0.000787 0.000415 0.003304 0.267462 0.635313 0.223715 0.000208 0.003893 0.003751 0.003751 0.000033 0.000034 0.000094 0.003813 0.030324 0.004374 0.000623 0.004019 0.003885 0.007770 0.003885 0.004019 0.000623 0.004374 0.030324 0.520891 0.517113 0.000000 0.000000 0.000000 0.000000 0.000000 0.000000 0.000000 0.000000 0.000000 0.000000
 0.000498 0.000497 0.000311 0.000000 0.005434 0.011320 0.017236 0.017949 0.023114 0.023124 0.017766 0.015073 0.009360 0.007462 0.004368 0.004180 0.417995 0.556744 0.076946 0.004660 0.003892 0.000552 0.000558 0.000584 0.000251 0.000094 0.004186 0.003813 0.003750 0.000000 0.000623 0.001531 0.001248 0.001531 0.000623 0.000000 0.003750 0.003814 0.521180 0.517112 0.000000 0.000000 0.000000 0.000000 0.000000 0.000000 0.000000 0.000000 0.000000 0.000000
 0.005377 0.003361 0.003388 0.000311 0.001908 0.012972 0.001610 0.000353 0.005845 0.011704 0.020784 0.024007 0.026206 0.023842 0.045612 0.015456 0.490081 0.498240 0.010467 0.029984 0.003883 0.000553 0.004407 0.000584 0.000990 0.001052 0.001021 0.000063 0.000000 0.003750 0.004374 0.007596 0.001255 0.007596 0.004374 0.003750 0.000000 0.000064 0.517143 0.517112 0.000000 0.000000 0.000000 0.000000 0.000000 0.000000 0.000000 0.000000 0.000000 0.000000
 0.005335 0.026667 0.003361 0.000497 0.003804 0.001882 0.001597 0.000000 0.000000 0.000001 0.006910 0.026561 0.015711 0.018434 0.022356 0.025208 0.509064 0.497829 0.004209 0.004179 0.004184 0.000980 0.001475 0.001475 0.001882 0.007654 0.001011 0.000052 0.000063 0.003813 0.030324 0.004242 0.000979 0.004242 0.030324 0.003813 0.000063 0.000053 0.516883 0.517891 0.000788 0.000000 0.000000 0.000000 0.000000 0.000000 0.000000 0.000000 0.000788 0.001261
 0.010668 0.006668 0.006721 0.000622 0.000623 0.000568 0.000000 0.000000 0.000000 0.000000 0.010000 0.020000 0.010004 0.000216 0.001628 0.005917 0.505621 0.509522 0.006816 0.000429 0.003421 0.000429 0.000924 0.007399 0.001922 0.001051 0.002206 0.001011 0.001021 0.004186 0.003813 0.003750 0.000001 0.003750 0.003813 0.004186 0.001021 0.173370 0.690392 0.348976 0.000807 0.000019 0.000019 0.000000 0.000000 0.000000 0.000019 0.000019 0.000807 0.006307
 0.005335 0.026667 0.003361 0.000497 0.003804 0.001882 0.001597 0.000000 0.000000 0.000000 0.006667 0.023333 0.006673 0.000009 0.000008 0.000015 0.457373 0.601547 0.099444 0.000428 0.004178 0.004180 0.004674 0.000963 0.001174 0.000132 0.001051 0.007654 0.001052 0.000094 0.000094 0.000000 0.000000 0.000000 0.000094 0.172454 0.345771 0.693801 0.518027 0.173173 0.000807 0.000150 0.000021 0.000000 0.000000 0.000000 0.000021 0.000150 0.000807 0.001261
 0.005377 0.003361 0.003388 0.000311 0.001908 0.012972 0.001610 0.000038 0.000027 0.000026 0.003334 0.003334 0.003360 0.000055 0.000027 0.000002 0.291267 0.868289 0.266482 0.000946 0.003750 0.030380 0.004213 0.000503 0.000080 0.001174 0.001922 0.001882 0.000990 0.000251 0.000034 0.000000 0.000000 0.005626 0.178018 0.522735 0.689550 0.344854 0.172495 0.000000 0.000019 0.000019 0.000019 0.000000 0.000000 0.000000 0.000019 0.000019 0.000019 0.000000
 0.000498 0.000497 0.000311 0.000000 0.001597 0.001610 0.001683 0.000038 0.000204 0.000370 0.000348 0.000344 0.001971 0.002071 0.001971 0.000021 0.129256 0.633252 0.431521 0.001034 0.003793 0.004213 0.006906 0.000925 0.000503 0.000963 0.007399 0.001475 0.000584 0.000584 0.000033 0.000000 0.000000 0.172360 0.522680 0.517055 0.172336 0.000000 0.000000 0.000000 0.000000 0.000000 0.000000 0.000000 0.000000 0.000000 0.000000 0.000000 0.000000 0.000000
 0.000499 0.003804 0.001908 0.001597 0.000000 0.000013 0.000539 0.000565 0.000552 0.000370 0.002747 0.000345 0.001966 0.015539 0.001966 0.001073 0.004077 0.509442 0.509256 0.005738 0.003795 0.000464 0.000925 0.006906 0.004213 0.004674 0.000924 0.001475 0.004407 0.000558 0.003751 0.007500 0.125592 0.466551 0.638112 0.172390 0.000000 0.000000 0.000000 0.000000 0.000000 0.000000 0.000000 0.000000 0.000000 0.000000 0.000000 0.000000 0.000000 0.000000
 0.000455 0.001882 0.012972 0.001610 0.000013 0.000009 0.000535 0.004221 0.000859 0.000676 0.000675 0.000556 0.002161 0.002157 0.001946 0.001075 0.008022 0.496379 0.520901 0.037364 0.007547 0.003753 0.000464 0.004213 0.030380 0.004180 0.000429 0.000980 0.000553 0.000552 0.003751 0.068561 0.354061 0.944188 0.303164 0.005685 0.000030 0.000000 0.000000 0.000000 0.000000 0.000000 0.000000 0.000000 0.000000 0.000000 0.000000 0.000000 0.000030 0.000048
 0.000000 0.001597 0.001610 0.001683 0.000539 0.000535 0.001122 0.000556 0.000880 0.002646 0.000332 0.000213 0.001697 0.000213 0.000065 0.085977 0.255692 0.748514 0.386869 0.023599 0.023475 0.007547 0.003795 0.003793 0.003750 0.004178 0.003421 0.004184 0.003883 0.003892 0.004622 0.223678 0.658556 0.429391 0.125142 0.001081 0.000927 0.000897 0.000000 0.000000 0.000000 0.000000 0.000000 0.000000 0.000000 0.000000 0.000000 0.000897 0.000927 0.001634
 0.000000 0.000000 0.000038 0.000038 0.000565 0.004221 0.000556 0.000051 0.000449 0.000353 0.002277 0.002158 0.002189 0.085102 0.254641 0.509205 0.677167 0.436182 0.185198 0.021507 0.013757 0.027419 0.005039 0.000990 0.000946 0.000428 0.000429 0.004179 0.029984 0.004660 0.010286 0.397027 0.635945 0.129479 0.000033 0.000927 0.007183 0.001305 0.000408 0.000407 0.000001 0.000000 0.000000 0.000000 0.000001 0.000407 0.000408 0.001305 0.007183 0.001483
 0.000000 0.000000 0.000027 0.000204 0.000552 0.000859 0.000880 0.000449 0.000042 0.000273 0.002229 0.100073 0.256549 0.509112 0.678729 0.509128 0.256188 0.090680 0.001802 0.006871 0.013687 0.014096 0.008895 0.011562 0.004986 0.004040 0.000290 0.003752 0.003882 0.006235 0.183781 0.685722 0.337406 0.001692 0.000000 0.000897 0.000897 0.001304 0.003254 0.000411 0.001251 0.002500 0.003750 0.002500 0.001251 0.000411 0.003254 0.001304 0.000897 0.001436
 0.000000 0.000000 0.000026 0.000370 0.000370 0.000676 0.002646 0.000353 0.000273 0.085361 0.257182 0.511238 0.680127 0.509112 0.254601 0.084940 0.000998 0.000970 0.001028 0.005231 0.035339 0.008996 0.009073 0.010953 0.030753 0.005976 0.003127 0.002960 0.003533 0.170689 0.519998 0.511028 0.173771 0.001722 0.000277 0.000000 0.000000 0.000407 0.000407 0.000407 0.001251 0.008750 0.007500 0.008750 0.001251 0.000407 0.000407 0.000407 0.000000 0.000000
 0.010667 0.006667 0.003334 0.000348 0.002747 0.000675 0.000332 0.084306 0.253910 0.508054 0.678298 0.508879 0.254606 0.084894 0.000083 0.000328 0.000325 0.000279 0.000107 0.004552 0.004830 0.006348 0.007058 0.013595 0.014401 0.008195 0.005016 0.022643 0.004149 0.293755 0.798632 0.298388 0.002681 0.003054 0.000553 0.000277 0.000000 0.000000 0.000000 0.000000 0.001250 0.002500 0.003750 0.002500 0.001250 0.000000 0.000000 0.000000 0.000000 0.000000
 0.021333 0.023333 0.003334 0.000344 0.000345 0.085206 0.254578 0.508267 0.678596 0.509858 0.254428 0.084896 0.000037 0.000006 0.000067 0.000608 0.002224 0.000517 0.000240 0.000239 0.000279 0.000296 0.004809 0.030884 0.013164 0.012439 0.009086 0.005216 0.003685 0.413505 0.731193 0.366435 0.119497 0.001870 0.003054 0.001527 0.001250 0.000000 0.000000 0.000000 0.000000 0.000000 0.000000 0.000000 0.000000 0.000000 0.000000 0.000000 0.000000 0.000000
 0.010668 0.006673 0.003360 0.084000 0.253711 0.508266 0.678860 0.510025 0.255504 0.085791 0.004495 0.008893 0.013335 0.008893 0.004495 0.000328 0.000326 0.000520 0.001912 0.000517 0.000278 0.000295 0.004464 0.008910 0.026599 0.011208 0.010818 0.008211 0.004156 0.370808 0.610201 0.592427 0.128460 0.001596 0.001527 0.010146 0.001611 0.000361 0.000361 0.000001 0.000000 0.000000 0.000000 0.000000 0.000000 0.000000 0.000000 0.000001 0.000361 0.000577
 0.000055 0.084898 0.254605 0.508319 0.678828 0.510026 0.254568 0.085185 0.000332 0.000332 0.004445 0.031111 0.026667 0.031111 0.004445 0.000332 0.000332 0.000571 0.000240 0.000519 0.002282 0.000496 0.000220 0.004448 0.008910 0.031104 0.006418 0.004273 0.008270 0.395635 0.712481 0.389399 0.125257 0.001319 0.001250 0.001250 0.001610 0.002880 0.001614 0.001381 0.001389 0.000139 0.000009 0.000001 0.000009 0.000139 0.001389 0.001381 0.001614 0.002880
 0.407317 0.509076 0.678728 0.510546 0.255678 0.086206 0.000465 0.000795 0.002648 0.000335 0.004445 0.008889 0.013333 0.008889 0.004445 0.000335 0.002648 0.000795 0.000465 0.000742 0.000496 0.001646 0.000436 0.000220 0.004464 0.004811 0.004740 0.000489 0.002317 0.272899 0.749981 0.323221 0.006080 0.000045 0.000000 0.000000 0.000360 0.000361 0.001611 0.010087 0.002255 0.000189 0.000010 0.000005 0.000010 0.000189 0.002255 0.010087 0.001611 0.000577
 0.679068 0.509564 0.255678 0.085293 0.000229 0.000475 0.003706 0.000795 0.000365 0.000365 0.000034 0.000000 0.000000 0.000000 0.000034 0.000365 0.000365 0.000795 0.003706 0.000475 0.000229 0.000436 0.001646 0.000496 0.000295 0.000296 0.006340 0.004723 0.004446 0.147655 0.655432 0.368497 0.002485 0.001294 0.000001 0.000000 0.000000 0.000000 0.001250 0.001381 0.001389 0.000139 0.000009 0.000001 0.000009 0.000139 0.001388 0.001381 0.001250 0.000000
 0.136268 0.087081 0.000529 0.000229 0.000023 0.000526 0.000779 0.000767 0.000337 0.000266 0.000034 0.000000 0.000000 0.000000 0.000034 0.000266 0.000337 0.000767 0.000779 0.000526 0.000023 0.000229 0.000496 0.002282 0.000278 0.000279 0.004830 0.035560 0.004550 0.005603 0.393671 0.634978 0.134154 0.002546 0.001252 0.000001 0.000000 0.000000 0.000000 0.000000 0.000000 0.000000 0.000000 0.000000 0.000000 0.000000 0.000000 0.000000 0.000000 0.000000
 0.000828 0.000519 0.000742 0.000475 0.000526 0.000044 0.000336 0.002439 0.000362 0.000059 0.000059 0.000000 0.000000 0.000000 0.000059 0.000059 0.000362 0.002439 0.000336 0.000044 0.000526 0.000475 0.000742 0.000519 0.000517 0.000239 0.004552 0.005229 0.004551 0.000004 0.216820 0.685731 0.299578 0.007519 0.002546 0.001294 0.000043 0.000000 0.000000 0.000000 0.000000 0.000000 0.000000 0.000000 0.000000 0.000000 0.000000 0.000000 0.000000 0.000000
 0.001912 0.000240 0.000465 0.003706 0.000779 0.000336 0.000758 0.000324 0.000329 0.001152 0.000998 0.000972 0.000000 0.000972 0.000998 0.001152 0.000329 0.000324 0.000758 0.000336 0.000779 0.003706 0.000465 0.000240 0.001912 0.000240 0.000107 0.001028 0.001023 0.000916 0.045777 0.523113 0.505799 0.038998 0.008780 0.002299 0.057452 0.057689 0.056952 0.000287 0.000006 0.000000 0.000000 0.000000 0.000000 0.000000 0.000000 0.000000 0.000000 0.000000
 0.000385 0.000571 0.000795 0.000795 0.000767 0.002439 0.000324 0.000021 0.000025 0.000998 0.007879 0.001250 0.000554 0.001250 0.007879 0.000998 0.000025 0.000021 0.000324 0.002439 0.000767 0.000795 0.000795 0.000571 0.000520 0.000517 0.000279 0.000970 0.007339 0.000969 0.000034 0.306746 0.684491 0.208427 0.001295 0.002036 0.062860 0.443193 0.068647 0.010171 0.000013 0.000000 0.000000 0.000000 0.000000 0.000000 0.000000 0.000000 0.051378 0.082205
 0.000001 0.000332 0.002648 0.000365 0.000337 0.000362 0.000329 0.000025 0.000000 0.000972 0.001304 0.003053 0.000665 0.003053 0.001304 0.000972 0.000000 0.000025 0.000329 0.000362 0.000337 0.000365 0.002648 0.000332 0.000326 0.002224 0.000325 0.000970 0.001299 0.000970 0.000000 0.135509 0.649691 0.379732 0.001255 0.000747 0.058658 0.190450 0.211848 0.129641 0.002554 0.001380 0.000130 0.000002 0.000001 0.000002 0.120842 0.236735 0.362475 0.386615
 0.000000 0.000332 0.000335 0.000365 0.000266 0.000059 0.001152 0.000998 0.000972 0.000000 0.000331 0.000703 0.000663 0.000703 0.000331 0.000000 0.000972 0.000998 0.001152 0.000059 0.000266 0.000365 0.000335 0.000332 0.000328 0.000608 0.000328 0.000055 0.000065 0.000055 0.000000 0.000719 0.515767 0.523111 0.003733 0.002475 0.001252 0.248754 0.716984 0.342971 0.104368 0.002293 0.000135 0.001253 0.122508 0.243749 0.484400 0.491974 0.372834 0.324292
 0.007111 0.004445 0.004445 0.000034 0.000034 0.000059 0.000998 0.007879 0.001304 0.000331 0.004554 0.004499 0.008998 0.004499 0.004554 0.000331 0.001304 0.007879 0.000998 0.000059 0.000034 0.000034 0.004445 0.004445 0.004495 0.000067 0.000051 0.000002 0.004449 0.004447 0.004444 0.000100 0.515027 0.517643 0.016941 0.004949 0.002475 0.358193 0.510054 0.442218 0.253016 0.036682 0.120769 0.242923 0.489175 0.488794 0.248823 0.131348 0.092267 0.168976
 0.014222 0.031111 0.008889 0.000000 0.000000 0.000000 0.000972 0.001250 0.003053 0.000703 0.004499 0.035556 0.008890 0.035556 0.004499 0.000703 0.003053 0.001250 0.000972 0.000000 0.000000 0.000000 0.008889 0.031111 0.008893 0.000006 0.000004 0.000001 0.008891 0.031111 0.008889 0.000046 0.513941 0.516354 0.004941 0.016941 0.003733 0.362912 0.387259 0.232071 0.450494 0.160325 0.246440 0.603673 0.245194 0.125095 0.003311 0.005536 0.050738 0.095021
 0.021333 0.026667 0.013333 0.000000 0.000000 0.000000 0.000000 0.000554 0.000665 0.000663 0.008998 0.008890 0.017779 0.008890 0.008998 0.000663 0.000665 0.000554 0.000000 0.000000 0.000000 0.000000 0.013333 0.026667 0.013335 0.000005 0.000001 0.000001 0.013334 0.026666 0.013333 0.000026 0.513905 0.513857 0.002469 0.003723 0.009626 0.364172 0.361934 0.086418 0.327706 0.388900 0.481605 0.361636 0.001473 0.002404 0.001896 0.002733 0.025624 0.048912
 0.014222 0.031111 0.008889 0.000000 0.000000 0.000000 0.000972 0.001250 0.003053 0.000703 0.004499 0.035556 0.008890 0.035556 0.004499 0.000703 0.003053 0.001250 0.000972 0.000000 0.000000 0.000000 0.008889 0.031111 0.008893 0.000006 0.000004 0.000001 0.008891 0.031111 0.008889 0.000046 0.513941 0.513885 0.000000 0.001250 0.002501 0.366687 0.363729 0.002238 0.123926 0.396067 0.677344 0.281551 0.000257 0.000956 0.001976 0.002520 0.015446 0.031396
 0.007111 0.004445 0.004445 0.000034 0.000034 0.000059 0.000998 0.007879 0.001304 0.000331 0.004554 0.004499 0.008998 0.004499 0.004554 0.000331 0.001304 0.007879 0.000998 0.000059 0.000034 0.000034 0.004445 0.004445 0.004495 0.000067 0.000051 0.000002 0.004449 0.004447 0.004444 0.000100 0.514137 0.513920 0.000000 0.000000 0.001250 0.362917 0.363099 0.010081 0.009244 0.169097 0.359812 0.161266 0.000011 0.000074 0.000569 0.001391 0.008510 0.039685
 0.000000 0.000332 0.000335 0.000365 0.000266 0.000059 0.001152 0.000998 0.000972 0.000000 0.000331 0.000703 0.000663 0.000703 0.000331 0.000000 0.000972 0.000998 0.001152 0.000059 0.000266 0.000365 0.000335 0.000332 0.000328 0.000608 0.000328 0.000055 0.000065 0.000055 0.000000 0.000334 0.514478 0.513739 0.000000 0.000000 0.000000 0.361667 0.362917 0.001298 0.002569 0.050062 0.045587 0.044496 0.002819 0.001700 0.000508 0.001260 0.008331 0.008870
 0.000000 0.000531 0.002648 0.000584 0.000053 0.000094 0.000041 0.000041 0.000000 0.000000 0.000530 0.002284 0.001062 0.002284 0.000530 0.000000 0.000000 0.000041 0.000041 0.000094 0.000053 0.000584 0.002648 0.000531 0.000520 0.002225 0.000520 0.000087 0.000422 0.000087 0.000000 0.000484 0.548735 0.547884 0.000000 0.000000 0.000000 0.385778 0.385778 0.000000 0.002003 0.003498 0.007372 0.008461 0.008276 0.004396 0.001566 0.002070 0.005759 0.002968
